
0.000000
0.000000
0.859076
-0.137365
0.277445
1.450000
0.605259
0.512652
1.820175
1.255737
0.669813
1.913245
1.715041
0.725000
1.715041
1.913245
0.669813
1.255737
1.820175
0.512652
0.605259
1.450000
0.277445
-0.137365
0.859076
0.000000
-0.859076
0.137365
-0.277445
-1.450000
-0.605259
-0.512652
-1.820175
-1.255737
-0.669813
-1.913245
-1.715041
-0.725000
-1.715041
-1.913245
-0.669813
-1.255737
-1.820175
-0.512652
-0.605259
-1.450000
-0.277445
0.137365
-0.859076
0.000000
0.859076
-0.137365
0.277445
1.450000
0.605259
0.512652
1.820175
1.255737
0.669813
1.913245
1.715041
0.725000
1.715041
1.913245
0.669813
1.255737
1.820175
0.512652
0.605259
1.450000
0.277445
-0.137365
0.859076
0.000000
-0.859076
0.137365
-0.277445
-1.450000
-0.605259
-0.512652
-1.820175
-1.255737
-0.669813
-1.913245
-1.715041
-0.725000
-1.715041
-1.913245
-0.669813
-1.255737
-1.820175
-0.512652
-0.605259
-1.450000
-0.277445
0.137365
-0.859076
0.000000
0.859076
-0.137365
0.277445
1.450000
0.605259
0.512652
1.820175
1.255737
0.669813
1.913245
1.715041
0.725000
1.715041
1.913245
0.669813
1.255737
1.820175
0.512652
0.605259
1.450000
0.277445
-0.137365
0.859076
0.000000
-0.859076
0.137365
-0.277445
-1.450000
-0.605259
-0.512652
-1.820175
-1.255737
-0.669813
-1.913245
-1.715041
-0.725000
-1.715041
-1.913245
-0.669813
-1.255737
-1.820175
-0.512652
-0.605259
-1.450000
-0.277445
0.137365
-0.859076
0.000000
0.859076
-0.137365
0.277445
1.450000
0.605259
0.512652
1.820175
1.255737
0.669813
1.913245
1.715041
0.725000
1.715041
1.913245
0.669813
1.255737
1.820175
0.512652
0.605259
1.450000
0.277445
-0.137365
0.859076
0.000000
-0.859076
0.137365
-0.277445
-1.450000
-0.605259
-0.512652
-1.820175
-1.255737
-0.669813
-1.913245
-1.715041
-0.725000
-1.715041
-1.913245
-0.669813
-1.255737
-1.820175
-0.512652
-0.605259
-1.450000
-0.277445
0.137365
-0.859076
0.000000
0.859076
-0.137365
0.277445
1.450000
0.605259
0.512652
1.820175
1.255737
0.669813
1.913245
1.715041
0.725000
1.715041
1.913245
0.669813
1.255737
1.820175
0.512652
0.605259
1.450000
0.277445
-0.137365
0.859076
0.000000
-0.859076
0.137365
-0.277445
-1.450000
-0.605259
-0.512652
-1.820175
-1.255737
-0.669813
-1.913245
-1.715041
-0.725000
-1.715041
-1.913245
-0.669813
-1.255737
-1.820175
-0.512652
-0.605259
-1.450000
-0.277445
0.137365
-0.859076
0.000000
0.859076
-0.137365
0.277445
1.450000
0.605259
0.512652
1.820175
1.255737
0.669813
1.913245
1.715041
0.725000
1.715041
1.913245
0.669813
1.255737
1.820175
0.512652
0.605259
1.450000
0.277445
-0.137365
0.859076
0.000000
-0.859076
0.137365
-0.277445
-1.450000
-0.605259
-0.512652
-1.820175
-1.255737
-0.669813
-1.913245
-1.715041
-0.725000
-1.715041
-1.913245
-0.669813
-1.255737
-1.820175
-0.512652
-0.605259
-1.450000
-0.277445
0.137365
-0.859076
0.000000
0.859076
-0.137365
0.277445
1.450000
0.605259
0.512652
1.820175
1.255737
0.669813
1.913245
1.715041
0.725000
1.715041
1.913245
0.669813
1.255737
1.820175
0.512652
0.605259
1.450000
0.277445
-0.137365
0.859076
0.000000
-0.859076
0.137365
-0.277445
-1.450000
-0.605259
-0.512652
-1.820175
0.000000
0.000000
0.000000
0.000000
0.000000
0.000000
0.000000
0.000000
0.000000
0.000000
0.000000
0.000000
0.000000
0.000000
0.000000
0.000000
0.000000
0.000000
0.000000
0.000000
0.000000
0.000000
0.000000
0.000000
0.000000
0.000000
0.000000
0.000000
0.000000
0.000000
0.000000
0.000000
0.000000
0.000000
0.000000
0.000000
0.000000
0.000000
0.000000
0.000000
0.000000
0.000000
0.000000
0.000000
0.000000
0.000000
0.000000
0.000000
0.000000
0.000000
0.000000
0.000000
0.000000
0.000000
0.000000
0.000000
0.000000
0.000000
0.000000
0.000000
0.000000
0.000000
0.000000