
0.000000
0.000000
0.266610
-0.042630
0.086104
0.450000
0.187839
0.159099
0.564882
0.389711
0.207873
0.593766
0.532254
0.225000
0.532254
0.593766
0.207873
0.389711
0.564882
0.159099
0.187839
0.450000
0.086104
-0.042630
0.266610
0.000000
-0.266610
0.042630
-0.086104
-0.450000
-0.187839
-0.159099
-0.564882
-0.389711
-0.207873
-0.593766
-0.532254
-0.225000
-0.532254
-0.593766
-0.207873
-0.389711
-0.564882
-0.159099
-0.187839
-0.450000
-0.086104
0.042630
-0.266610
0.000000
0.266610
-0.042630
0.086104
0.450000
0.187839
0.159099
0.564882
0.389711
0.207873
0.593766
0.532254
0.225000
0.532254
0.593766
0.207873
0.389711
0.564882
0.159099
0.187839
0.450000
0.086104
-0.042630
0.266610
0.000000
-0.266610
0.042630
-0.086104
-0.450000
-0.187839
-0.159099
-0.564882
-0.389711
-0.207873
-0.593766
-0.532254
-0.225000
-0.532254
-0.593766
-0.207873
-0.389711
-0.564882
-0.159099
-0.187839
-0.450000
-0.086104
0.042630
-0.266610
0.000000
0.266610
-0.042630
0.086104
0.450000
0.187839
0.159099
0.564882
0.389711
0.207873
0.593766
0.532254
0.225000
0.532254
0.593766
0.207873
0.389711
0.564882
0.159099
0.187839
0.450000
0.086104
-0.042630
0.266610
0.000000
-0.266610
0.042630
-0.086104
-0.450000
-0.187839
-0.159099
-0.564882
-0.389711
-0.207873
-0.593766
-0.532254
-0.225000
-0.532254
-0.593766
-0.207873
-0.389711
-0.564882
-0.159099
-0.187839
-0.450000
-0.086104
0.042630
-0.266610
0.000000
0.266610
-0.042630
0.086104
0.450000
0.187839
0.159099
0.564882
0.389711
0.207873
0.593766
0.532254
0.225000
0.532254
0.593766
0.207873
0.389711
0.564882
0.159099
0.187839
0.450000
0.086104
-0.042630
0.266610
0.000000
-0.266610
0.042630
-0.086104
-0.450000
-0.187839
-0.159099
-0.564882
-0.389711
-0.207873
-0.593766
-0.532254
-0.225000
-0.532254
-0.593766
-0.207873
-0.389711
-0.564882
-0.159099
-0.187839
-0.450000
-0.086104
0.042630
-0.266610
0.000000
0.266610
-0.042630
0.086104
0.450000
0.187839
0.159099
0.564882
0.389711
0.207873
0.593766
0.532254
0.225000
0.532254
0.593766
0.207873
0.389711
0.564882
0.159099
0.187839
0.450000
0.086104
-0.042630
0.266610
0.000000
-0.266610
0.042630
-0.086104
-0.450000
-0.187839
-0.159099
-0.564882
-0.389711
-0.207873
-0.593766
-0.532254
-0.225000
-0.532254
-0.593766
-0.207873
-0.389711
-0.564882
-0.159099
-0.187839
-0.450000
-0.086104
0.042630
-0.266610
0.000000
0.266610
-0.042630
0.086104
0.450000
0.187839
0.159099
0.564882
0.389711
0.207873
0.593766
0.532254
0.225000
0.532254
0.593766
0.207873
0.389711
0.564882
0.159099
0.187839
0.450000
0.086104
-0.042630
0.266610
0.000000
-0.266610
0.042630
-0.086104
-0.450000
-0.187839
-0.159099
-0.564882
-0.389711
-0.207873
-0.593766
-0.532254
-0.225000
-0.532254
-0.593766
-0.207873
-0.389711
-0.564882
-0.159099
-0.187839
-0.450000
-0.086104
0.042630
-0.266610
0.000000
0.266610
-0.042630
0.086104
0.450000
0.187839
0.159099
0.564882
0.389711
0.207873
0.593766
0.532254
0.225000
0.532254
0.593766
0.207873
0.389711
0.564882
0.159099
0.187839
0.450000
0.086104
-0.042630
0.266610
0.000000
-0.266610
0.042630
-0.086104
-0.450000
-0.187839
-0.159099
-0.564882
0.000000
0.000000
0.000000
0.000000
0.000000
0.000000
0.000000
0.000000
0.000000
0.000000
0.000000
0.000000
0.000000
0.000000
0.000000
0.000000
0.000000
0.000000
0.000000
0.000000
0.000000
0.000000
0.000000
0.000000
0.000000
0.000000
0.000000
0.000000
0.000000
0.000000
0.000000
0.000000
0.000000
0.000000
0.000000
0.000000
0.000000
0.000000
0.000000
0.000000
0.000000
0.000000
0.000000
0.000000
0.000000
0.000000
0.000000
0.000000
0.000000
0.000000
0.000000
0.000000
0.000000
0.000000
0.000000
0.000000
0.000000
0.000000
0.000000
0.000000
0.000000
0.000000
0.000000